The coordinates are:

x1          x2       x3       x4   x5   x6   x7       x8  x9     x10      x11
bIIItubulin DAPI-2nd DAPI-3rd GABA GAD2 VGAT gephyrin NR1 VGluT1 synapsin PSDr


Below are the means of each cluster, where the components follow the order
above.


k=8
mu1: 17607.40, 43399.43, 853544.99, 13122.01, 25194.83, 15959.79, 23163.43,
68969.32, 29756.94, 79666.80, 174792.00
mu2: 3202.47, 6967.78, 127348.14, 2184.60, 3937.25, 2351.57, 3987.58, 11713.10,
3807.38, 7599.15, 13544.50
mu3: 11437.33, 25701.55, 495089.89, 7829.29, 14833.86, 8708.35, 14286.75,
46562.15, 17098.16, 44841.25, 83283.94
mu4: 28972.87, 80144.80, 1597576.87, 15685.58, 44892.69, 25383.51, 40777.89,
120558.49, 63837.67, 179924.00, 376696.31
mu5: 6026.15, 13640.36, 254458.39, 4743.35, 8337.01, 4976.02, 9237.24,
21869.64, 8235.84, 16396.24, 31650.70
mu6: 7877.66, 19789.66, 376772.41, 7887.40, 13529.53, 7412.71, 13683.31,
33144.62, 13198.64, 30774.85, 59554.33
mu7: 17203.41, 57729.78, 1147498.48, 17975.51, 30728.00, 19938.52, 37426.22,
71513.03, 41519.40, 126570.60, 248721.67
mu8: 13930.25, 33204.78, 648936.26, 12086.34, 20752.19, 12186.77, 21998.01,
62289.38, 22164.09, 59028.01, 116721.38


k=9
mu1: 4148.97, 9543.36, 176317.74, 3446.04, 5626.39, 3328.57, 6214.50, 17154.62,
5583.08, 10857.24, 19808.59
mu2: 28382.47, 79360.43, 1584900.85, 15526.55, 44161.38, 25073.94, 40582.40,
120854.62, 64788.17, 186004.81, 373786.53
mu3: 17240.35, 57410.90, 1140796.92, 18750.37, 30563.19, 20007.77, 37209.32,
69067.85, 39951.37, 118363.55, 244460.16
mu4: 13935.55, 33116.18, 646602.76, 11989.91, 20633.21, 12123.61, 21850.50,
61954.17, 22257.81, 59419.22, 118797.55
mu5: 11629.26, 25777.18, 497404.69, 7983.11, 14929.45, 8728.76, 14381.73,
46658.59, 16873.02, 43420.10, 80533.39
mu6: 6296.03, 14623.58, 274717.87, 4978.31, 8910.96, 5313.15, 9777.90,
22397.46, 9029.26, 18457.01, 32577.81
mu7: 7979.54, 20081.44, 382067.62, 7825.51, 13797.56, 7537.44, 13819.07,
33906.81, 13588.01, 32842.02, 63144.81
mu8: 2596.33, 5148.21, 90761.96, 1464.86, 2750.51, 1760.87, 2577.71, 8499.11,
2218.64, 3818.44, 10943.65
mu9: 17636.44, 43367.88, 851259.47, 12611.50, 25328.91, 15902.14, 23184.30,
69432.43, 29708.75, 80534.66, 175680.67

